{
 "metadata": {
  "name": ""
 },
 "nbformat": 3,
 "nbformat_minor": 0,
 "worksheets": [
  {
   "cells": [
    {
     "cell_type": "code",
     "collapsed": false,
     "input": [
      "import pandas as pd\n",
      "import numpy as np\n",
      "from scipy.optimize import minimize\n",
      "from matplotlib.pyplot import plot, scatter, show\n",
      "from pandas.io.data import DataReader\n",
      "from datetime import datetime"
     ],
     "language": "python",
     "metadata": {},
     "outputs": [],
     "prompt_number": 1
    },
    {
     "cell_type": "code",
     "collapsed": false,
     "input": [
      "%matplotlib inline"
     ],
     "language": "python",
     "metadata": {},
     "outputs": [],
     "prompt_number": 2
    },
    {
     "cell_type": "code",
     "collapsed": false,
     "input": [
      "start = datetime(2011,11,1)\n",
      "end = datetime.today()\n",
      "\n",
      "# stock list\n",
      "L = ['SPY', 'SBUX', 'DISCK', 'DIS', 'COST', 'GLD']\n",
      "\n",
      "#set up DataFrames\n",
      "daily_price  = pd.DataFrame(index=pd.bdate_range(start, end)) # business days\n",
      "daily_return = pd.DataFrame(index=pd.bdate_range(start, end))"
     ],
     "language": "python",
     "metadata": {},
     "outputs": [],
     "prompt_number": 3
    },
    {
     "cell_type": "code",
     "collapsed": false,
     "input": [
      "# get daily equity \"Adj Close\" from start to end\n",
      "# would like to build a database of SP500 stocks instead\n",
      "\n",
      "daily_price = DataReader(L, 'yahoo', start, end)['Adj Close']\n",
      "\n",
      "daily_return = np.log(1+daily_price.pct_change())  # for a continuous return number\n",
      "# cumulative_return = daily_return.cumsum()        useful for a normalized return chart"
     ],
     "language": "python",
     "metadata": {},
     "outputs": [],
     "prompt_number": 4
    },
    {
     "cell_type": "code",
     "collapsed": false,
     "input": [
      "# create expected return vector, stdev vector and covariance, correlation matrices\n",
      "\n",
      "R = daily_return.mean() # expected return vector\n",
      "AAR = (1+R)**250-1      # average annual return vector\n",
      "S = daily_return.std()  # expected standard deviation vector\n",
      "C = daily_return.cov()  # covariance matrix\n",
      "Corr =  daily_return.corr() # and a correlation matrix for info"
     ],
     "language": "python",
     "metadata": {},
     "outputs": [],
     "prompt_number": 5
    },
    {
     "cell_type": "code",
     "collapsed": false,
     "input": [
      "C"
     ],
     "language": "python",
     "metadata": {},
     "outputs": [
      {
       "html": [
        "<div style=\"max-height:1000px;max-width:1500px;overflow:auto;\">\n",
        "<table border=\"1\" class=\"dataframe\">\n",
        "  <thead>\n",
        "    <tr style=\"text-align: right;\">\n",
        "      <th></th>\n",
        "      <th>COST</th>\n",
        "      <th>DIS</th>\n",
        "      <th>DISCK</th>\n",
        "      <th>GLD</th>\n",
        "      <th>SBUX</th>\n",
        "      <th>SPY</th>\n",
        "    </tr>\n",
        "  </thead>\n",
        "  <tbody>\n",
        "    <tr>\n",
        "      <th>COST</th>\n",
        "      <td> 0.000099</td>\n",
        "      <td> 0.000050</td>\n",
        "      <td> 0.000049</td>\n",
        "      <td> 0.000012</td>\n",
        "      <td> 0.000047</td>\n",
        "      <td> 0.000047</td>\n",
        "    </tr>\n",
        "    <tr>\n",
        "      <th>DIS</th>\n",
        "      <td> 0.000050</td>\n",
        "      <td> 0.000153</td>\n",
        "      <td> 0.000083</td>\n",
        "      <td> 0.000017</td>\n",
        "      <td> 0.000083</td>\n",
        "      <td> 0.000077</td>\n",
        "    </tr>\n",
        "    <tr>\n",
        "      <th>DISCK</th>\n",
        "      <td> 0.000049</td>\n",
        "      <td> 0.000083</td>\n",
        "      <td> 0.000196</td>\n",
        "      <td> 0.000019</td>\n",
        "      <td> 0.000080</td>\n",
        "      <td> 0.000069</td>\n",
        "    </tr>\n",
        "    <tr>\n",
        "      <th>GLD</th>\n",
        "      <td> 0.000012</td>\n",
        "      <td> 0.000017</td>\n",
        "      <td> 0.000019</td>\n",
        "      <td> 0.000147</td>\n",
        "      <td> 0.000014</td>\n",
        "      <td> 0.000028</td>\n",
        "    </tr>\n",
        "    <tr>\n",
        "      <th>SBUX</th>\n",
        "      <td> 0.000047</td>\n",
        "      <td> 0.000083</td>\n",
        "      <td> 0.000080</td>\n",
        "      <td> 0.000014</td>\n",
        "      <td> 0.000251</td>\n",
        "      <td> 0.000067</td>\n",
        "    </tr>\n",
        "    <tr>\n",
        "      <th>SPY</th>\n",
        "      <td> 0.000047</td>\n",
        "      <td> 0.000077</td>\n",
        "      <td> 0.000069</td>\n",
        "      <td> 0.000028</td>\n",
        "      <td> 0.000067</td>\n",
        "      <td> 0.000072</td>\n",
        "    </tr>\n",
        "  </tbody>\n",
        "</table>\n",
        "</div>"
       ],
       "metadata": {},
       "output_type": "pyout",
       "prompt_number": 6,
       "text": [
        "           COST       DIS     DISCK       GLD      SBUX       SPY\n",
        "COST   0.000099  0.000050  0.000049  0.000012  0.000047  0.000047\n",
        "DIS    0.000050  0.000153  0.000083  0.000017  0.000083  0.000077\n",
        "DISCK  0.000049  0.000083  0.000196  0.000019  0.000080  0.000069\n",
        "GLD    0.000012  0.000017  0.000019  0.000147  0.000014  0.000028\n",
        "SBUX   0.000047  0.000083  0.000080  0.000014  0.000251  0.000067\n",
        "SPY    0.000047  0.000077  0.000069  0.000028  0.000067  0.000072"
       ]
      }
     ],
     "prompt_number": 6
    },
    {
     "cell_type": "code",
     "collapsed": false,
     "input": [
      "Corr"
     ],
     "language": "python",
     "metadata": {},
     "outputs": [
      {
       "html": [
        "<div style=\"max-height:1000px;max-width:1500px;overflow:auto;\">\n",
        "<table border=\"1\" class=\"dataframe\">\n",
        "  <thead>\n",
        "    <tr style=\"text-align: right;\">\n",
        "      <th></th>\n",
        "      <th>COST</th>\n",
        "      <th>DIS</th>\n",
        "      <th>DISCK</th>\n",
        "      <th>GLD</th>\n",
        "      <th>SBUX</th>\n",
        "      <th>SPY</th>\n",
        "    </tr>\n",
        "  </thead>\n",
        "  <tbody>\n",
        "    <tr>\n",
        "      <th>COST</th>\n",
        "      <td> 1.000000</td>\n",
        "      <td> 0.406859</td>\n",
        "      <td> 0.352797</td>\n",
        "      <td> 0.098437</td>\n",
        "      <td> 0.297806</td>\n",
        "      <td> 0.555799</td>\n",
        "    </tr>\n",
        "    <tr>\n",
        "      <th>DIS</th>\n",
        "      <td> 0.406859</td>\n",
        "      <td> 1.000000</td>\n",
        "      <td> 0.476027</td>\n",
        "      <td> 0.113967</td>\n",
        "      <td> 0.421362</td>\n",
        "      <td> 0.733158</td>\n",
        "    </tr>\n",
        "    <tr>\n",
        "      <th>DISCK</th>\n",
        "      <td> 0.352797</td>\n",
        "      <td> 0.476027</td>\n",
        "      <td> 1.000000</td>\n",
        "      <td> 0.112274</td>\n",
        "      <td> 0.361256</td>\n",
        "      <td> 0.580484</td>\n",
        "    </tr>\n",
        "    <tr>\n",
        "      <th>GLD</th>\n",
        "      <td> 0.098437</td>\n",
        "      <td> 0.113967</td>\n",
        "      <td> 0.112274</td>\n",
        "      <td> 1.000000</td>\n",
        "      <td> 0.071645</td>\n",
        "      <td> 0.269430</td>\n",
        "    </tr>\n",
        "    <tr>\n",
        "      <th>SBUX</th>\n",
        "      <td> 0.297806</td>\n",
        "      <td> 0.421362</td>\n",
        "      <td> 0.361256</td>\n",
        "      <td> 0.071645</td>\n",
        "      <td> 1.000000</td>\n",
        "      <td> 0.499461</td>\n",
        "    </tr>\n",
        "    <tr>\n",
        "      <th>SPY</th>\n",
        "      <td> 0.555799</td>\n",
        "      <td> 0.733158</td>\n",
        "      <td> 0.580484</td>\n",
        "      <td> 0.269430</td>\n",
        "      <td> 0.499461</td>\n",
        "      <td> 1.000000</td>\n",
        "    </tr>\n",
        "  </tbody>\n",
        "</table>\n",
        "</div>"
       ],
       "metadata": {},
       "output_type": "pyout",
       "prompt_number": 7,
       "text": [
        "           COST       DIS     DISCK       GLD      SBUX       SPY\n",
        "COST   1.000000  0.406859  0.352797  0.098437  0.297806  0.555799\n",
        "DIS    0.406859  1.000000  0.476027  0.113967  0.421362  0.733158\n",
        "DISCK  0.352797  0.476027  1.000000  0.112274  0.361256  0.580484\n",
        "GLD    0.098437  0.113967  0.112274  1.000000  0.071645  0.269430\n",
        "SBUX   0.297806  0.421362  0.361256  0.071645  1.000000  0.499461\n",
        "SPY    0.555799  0.733158  0.580484  0.269430  0.499461  1.000000"
       ]
      }
     ],
     "prompt_number": 7
    },
    {
     "cell_type": "code",
     "collapsed": false,
     "input": [
      "R*252 # annualized continuous return"
     ],
     "language": "python",
     "metadata": {},
     "outputs": [
      {
       "metadata": {},
       "output_type": "pyout",
       "prompt_number": 9,
       "text": [
        "COST     0.227877\n",
        "DIS      0.373835\n",
        "DISCK    0.369635\n",
        "GLD     -0.139498\n",
        "SBUX     0.357276\n",
        "SPY      0.205028\n",
        "dtype: float64"
       ]
      }
     ],
     "prompt_number": 9
    },
    {
     "cell_type": "code",
     "collapsed": false,
     "input": [
      "np.exp(R*252)-1 # equivalent average annual return"
     ],
     "language": "python",
     "metadata": {},
     "outputs": [
      {
       "metadata": {},
       "output_type": "pyout",
       "prompt_number": 10,
       "text": [
        "COST     0.255930\n",
        "DIS      0.453297\n",
        "DISCK    0.447206\n",
        "GLD     -0.130206\n",
        "SBUX     0.429430\n",
        "SPY      0.227559\n",
        "dtype: float64"
       ]
      }
     ],
     "prompt_number": 10
    },
    {
     "cell_type": "code",
     "collapsed": false,
     "input": [
      "S*np.sqrt(252) # annualized STD"
     ],
     "language": "python",
     "metadata": {},
     "outputs": [
      {
       "metadata": {},
       "output_type": "pyout",
       "prompt_number": 11,
       "text": [
        "COST     0.157630\n",
        "DIS      0.196666\n",
        "DISCK    0.222474\n",
        "GLD      0.192194\n",
        "SBUX     0.251667\n",
        "SPY      0.134855\n",
        "dtype: float64"
       ]
      }
     ],
     "prompt_number": 11
    },
    {
     "cell_type": "code",
     "collapsed": false,
     "input": [
      "def port_return(W):\n",
      "    return np.dot(R, W)\n",
      "    \n",
      "def port_var(W):\n",
      "    return np.dot(W, np.dot(C, W))"
     ],
     "language": "python",
     "metadata": {},
     "outputs": [],
     "prompt_number": 12
    },
    {
     "cell_type": "code",
     "collapsed": false,
     "input": [
      "# Given risk-free rate, assets returns and covariances, this function calculates\n",
      "# mean-variance frontier and associated weights\n",
      "\n",
      "def find_frontier(R, C, rf):\n",
      "        def fitness(W, R, C, r):\n",
      "                # For given level of return r, find weights that minimize portfolio variance.\n",
      "                mean, var = port_return(W), port_var(W)\n",
      "                # Big penalty for not meeting stated portfolio return effectively serves as optimization constraint\n",
      "                penalty = 50*abs(mean-r)\n",
      "                return var + penalty\n",
      "        frontier_mean, frontier_var, frontier_weights = [], [], []\n",
      "        for r in np.linspace(min(R), max(R), num=20):   # iterate through a range of returns on Y axis\n",
      "                W = np.ones([len(L)])/len(L)            # start optimization with equal weights\n",
      "                b_ = [(0.,1.) for i in range(len(L))]\n",
      "                c_ = ({'type':'eq', 'fun': lambda W: sum(W)-1. })\n",
      "                optimized = minimize(fitness, W, (R, C, r), method='SLSQP', constraints=c_, bounds=b_)   \n",
      "                if not optimized.success: \n",
      "                        raise BaseException(optimized.message)\n",
      "                # add point to the min-var frontier [x,y] = [optimized.x, r]\n",
      "                frontier_mean.append(r)                                                 # return\n",
      "                frontier_var.append(np.sqrt(port_var(optimized.x)))   # min-variance based on optimized weights\n",
      "                frontier_weights.append(optimized.x)\n",
      "        return np.array(frontier_mean), np.array(frontier_var), frontier_weights"
     ],
     "language": "python",
     "metadata": {},
     "outputs": [],
     "prompt_number": 16
    },
    {
     "cell_type": "code",
     "collapsed": false,
     "input": [
      "# finds tangential optimum portfolio based on rf input\n",
      "\n",
      "def tangent_weights(C, rf):\n",
      "    def Sharpe(W, C, rf):\n",
      "        mean, var = port_return(W), port_var(W) \n",
      "        util = (mean - rf) / np.sqrt(var)               # calculates the Sharpe Ratio\n",
      "        return 1/util                                   # maximize utility, minimize the function\n",
      "    W = np.ones([len(L)])/len(L)\n",
      "    b_ = [(0., 1.) for i in range(len(L))]              # weights between 0 and 100%, no shorts\n",
      "    c_ = ({'type':'eq', 'fun': lambda W: sum(W)-1. })   # weights must add to 100%\n",
      "    res = minimize(Sharpe, W, (C, rf), method='SLSQP', constraints=c_, bounds=b_) # the magic scipy function!\n",
      "    if not res.success:\n",
      "        raise BaseException(res.message)\n",
      "    return res.x"
     ],
     "language": "python",
     "metadata": {},
     "outputs": [],
     "prompt_number": 13
    },
    {
     "cell_type": "code",
     "collapsed": false,
     "input": [
      "def min_var_weights(C, rf):\n",
      "    def mvp(W, C, rf):\n",
      "        return port_var(W)\n",
      "    W = np.ones([len(L)])/len(L)\n",
      "    b_ = [(0., 1.) for i in range(len(L))]              # weights between 0 and 100%, no shorts\n",
      "    c_ = ({'type':'eq', 'fun': lambda W: sum(W)-1. })   # weights must add to 100%\n",
      "    res = minimize(mvp, W, (C, rf), method='SLSQP', constraints=c_, bounds=b_) # the magic scipy function!\n",
      "    if not res.success:\n",
      "        raise BaseException(res.message)\n",
      "    return res.x"
     ],
     "language": "python",
     "metadata": {},
     "outputs": [],
     "prompt_number": 14
    },
    {
     "cell_type": "code",
     "collapsed": false,
     "input": [
      "rf = 0.\n",
      "\n",
      "T_W = tangent_weights(C, rf)\n",
      "MV_W = min_var_weights(C, rf)\n",
      "F_M, F_S, F_W = find_frontier(R, C, rf)"
     ],
     "language": "python",
     "metadata": {},
     "outputs": [],
     "prompt_number": 17
    },
    {
     "cell_type": "code",
     "collapsed": true,
     "input": [
      "print('tangential weights:')\n",
      "for i, stock in enumerate(T_W):\n",
      "    print('{}      {:.2%}'.format(L[i],stock))\n",
      "    \n",
      "print('minimum variance weights:')\n",
      "for i, stock in enumerate(MV_W):\n",
      "    print('{}      {:.2%}'.format(L[i],stock))"
     ],
     "language": "python",
     "metadata": {},
     "outputs": [
      {
       "output_type": "stream",
       "stream": "stdout",
       "text": [
        "tangential weights:\n",
        "SPY      25.29%\n",
        "SBUX      37.72%\n",
        "DISCK      23.02%\n",
        "DIS      -0.00%\n",
        "COST      13.97%\n",
        "GLD      0.00%\n",
        "minimum variance weights:\n",
        "SPY      16.67%\n",
        "SBUX      16.67%\n",
        "DISCK      16.67%\n",
        "DIS      16.67%\n",
        "COST      16.67%\n",
        "GLD      16.67%\n"
       ]
      }
     ],
     "prompt_number": 28
    },
    {
     "cell_type": "code",
     "collapsed": false,
     "input": [
      "sharpe = (port_return(T_W) - rf) / np.sqrt(port_var(T_W))\n",
      "mean, std = port_return(T_W), np.sqrt(port_var(T_W))\n",
      "print('tangent portfolio has a {:.2%} average daily return with a {:.2%} standard deviation'.format(mean, std))\n",
      "print('This portfolio has a Sharpe ratio of {:.3} using a risk free rate of {:.2}'.format(sharpe,rf))"
     ],
     "language": "python",
     "metadata": {},
     "outputs": [
      {
       "output_type": "stream",
       "stream": "stdout",
       "text": [
        "tangent portfolio has a 0.13% average daily return with a 0.95% standard deviation\n",
        "This portfolio has a Sharpe ratio of 0.139 using a risk free rate of 0.0\n"
       ]
      }
     ],
     "prompt_number": 30
    },
    {
     "cell_type": "code",
     "collapsed": false,
     "input": [
      "plot(F_S,F_M)\n",
      "scatter(S,R)\n",
      "show()"
     ],
     "language": "python",
     "metadata": {},
     "outputs": [
      {
       "metadata": {},
       "output_type": "display_data",
       "png": "iVBORw0KGgoAAAANSUhEUgAAAZgAAAD9CAYAAACBdWEIAAAABHNCSVQICAgIfAhkiAAAAAlwSFlz\nAAALEgAACxIB0t1+/AAAIABJREFUeJzt3Xl4lOW9//H3hAwKiEKlRMhgAzMTwiIxEAnW9hiLgUNs\nU9SKgWONSlsKKnqsFP2dqmBZErV1KSJ4DmLcWGwLwRJyoGpqXUIUctQmVEdNNAsJssSqoJOE+/fH\no5FAyDZ5MpPJ53VdXGaS+374ftXr+eR+VocxxiAiItLJIoJdgIiIhCcFjIiI2EIBIyIitlDAiIiI\nLRQwIiJiCwWMiIjYIuCAycvLIy4uDq/XS1ZWVrNj5s+fj9frJT4+nqKiolbnLliwgFGjRhEfH89l\nl13GJ5980viz5cuX4/V6iYuLY/v27YGWLyIidjEBqK+vN26325SWlhq/32/i4+NNSUlJkzFbt241\n06ZNM8YYU1BQYJKSklqdu337dtPQ0GCMMWbhwoVm4cKFxhhjiouLTXx8vPH7/aa0tNS43e7GcSIi\nEloCWsEUFhbi8XiIiYnB6XSSnp5OTk5OkzFbtmwhIyMDgKSkJGpra6murm5xbkpKChEREY1zKioq\nAMjJyWHmzJk4nU5iYmLweDwUFhYG0oKIiNgkoICprKxk2LBhjZ9dLheVlZVtGlNVVdXqXIDHHnuM\n1NRUAKqqqnC5XK3OERGR4IsMZLLD4WjTONPBp9EsXbqU3r17M2vWrHbV0Na6RESkqY7ur5sT0Aom\nOjqa8vLyxs/l5eVNVhjNjamoqMDlcrU69/HHHyc3N5enn366xW1FR0c3W5sxJmz/3HXXXUGvQb2p\nP/UXfn86W0ABk5iYiM/no6ysDL/fz4YNG0hLS2syJi0tjSeeeAKAgoICBgwYQFRUVItz8/LyuPfe\ne8nJyeHUU09tsq3169fj9/spLS3F5/MxceLEQFoQERGbBHSILDIykhUrVjB16lQaGhqYPXs2o0aN\nYvXq1QDMmTOH1NRUcnNz8Xg89OvXj7Vr17Y4F+DGG2/E7/eTkpICwPnnn8/KlSsZPXo0M2bMYPTo\n0URGRrJy5UodDhMRCVEOY8e6KMgcDocty71QkZ+fT3JycrDLsEU49wbqr7sL9/46e9+pgBEREaDz\n9516VIyIiNhCASMiIrZQwIiIiC0UMCIiYgsFjIiI2EIBIyIitlDAiIiILRQwIiJiCwWMiIjYQgEj\nIiK2UMCIiIgtFDAiImILBYyIiNhCASMiIrZQwIiIiC0UMCIiYgsFjIiI2EIBIyIitlDAiIiILRQw\nIiJiCwWMiIjYQgEjIiK2UMCIiIgtFDAiImILBYyIiNhCASMiIrZQwIiIiC0CDpi8vDzi4uLwer1k\nZWU1O2b+/Pl4vV7i4+MpKipqde6zzz7LmDFj6NWrF7t37278fllZGX369CEhIYGEhATmzZsXaPki\nImIXE4D6+nrjdrtNaWmp8fv9Jj4+3pSUlDQZs3XrVjNt2jRjjDEFBQUmKSmp1bl79uwx77zzjklO\nTja7du1q3FZpaakZO3Zsq3UF2JaISI/U2fvOgFYwhYWFeDweYmJicDqdpKenk5OT02TMli1byMjI\nACApKYna2lqqq6tbnBsXF0dsbGwgpYl0W2+88QaXX341qalX8txzzwW7HJEOCyhgKisrGTZsWONn\nl8tFZWVlm8ZUVVW1Orc5paWlJCQkkJyczMsvvxxI+SIhp6ioiAsvnMaf/zyBbdtSSU+fx4YNG4Nd\nVquMMTz33HM88MADvPjii8EuR0JEZCCTHQ5Hm8ZZK6/ADR06lPLycgYOHMju3buZPn06xcXF9O/f\n/4SxixYtavw6OTmZ5OTkTqlBxC51dbBs2SYOH34ImAnA4cODWLYsiyuvnBHc4lpgjOHaa+fxxz++\nQn39hURG/oFbbrmWu+/+TbBLk1bk5+eTn59v2/YDCpjo6GjKy8sbP5eXl+NyuVocU1FRgcvloq6u\nrtW5x+vduze9e/cGYPz48bjdbnw+H+PHjz9h7LEBIxIKjIFDh+CDD5r/U1kJTudNwOfHzOpNQ0ND\nsEpuk7fffptnn/0Lhw/vAU7jyy9/wz33xHLTTXM588wzg12etOD4X74XL17cqdsPKGASExPx+XyU\nlZUxdOhQNmzYwLp165qMSUtLY8WKFaSnp1NQUMCAAQOIiorizDPPbHUuNF397N+/n4EDB9KrVy8+\n+OADfD4fI0aMCKQFkU7l98OHHzYfIKWlVsi43TBihPVn/Hj4yU+sr88+G3bv9jF5chqHD98DDKBv\n31u55Zb/CnZbLdq/fz9O53DgtK++E4XTeSYHDx5UwPRwAQVMZGQkK1asYOrUqTQ0NDB79mxGjRrF\n6tWrAZgzZw6pqank5ubi8Xjo168fa9eubXEuwKZNm5g/fz779+/nkksuISEhgW3btvG3v/2Nu+66\nC6fTSUREBKtXr2bAgAEB/isQaTtjYP/+k69CqqshOvqbABkxAs4775uvBw6Elo4sT5o0ia1bN3L3\n3ffzxRd+5s5dxE9/elXXNdgB8fHxGPMu8CcgFYfjcfr3j+A73/lOsEvrkLq6Ou6447fk5Gxn0KBv\n8eCDS5o9SiKtc5jOOkESQhwOR6ed95Ge54svTr4K+eAD6N27aYAMH/7N18OGgdMZ7A66XmFhIVdc\ncQ2Vle/h9cazefNTjBw5MthldcgvfjGfp54q5siRxcA/Oe20/8ebbxb0iKMlnb3vVMBIj2MM1NSc\n/DDWvn3W4apjQ+TYMNGiObz16/ctDh8uBoYA0Lv3L8nKiuPmm28ObmFdoLP3nQEdIhMJVYcPQ1nZ\nyUOkb9+mwfH970NGhvW1ywW9egW7AwmWyMjewL/4OmB69fq08eIiaR+tYKRbOnrUOt9xssNYBw9C\nTEzzh7GGD4fTTw92BxKqMjPv47e/XcPhw/9JZOQ/+da3/kxx8RsMGjQo2KXZTofI2kABE14OH4ZN\nm2DnzqarkDPOaP4w1ogRMHQoROhRrtJB69atZ/Pm7QwZciYLF97CkCFDgl1Sl1DAtIECpvszBl59\nFdauhT/9Cc4/H1JSvrnEd/hw6Ncv2FWKhBedg5GwVl4OTz4Jjz9unQe55hooLrZWJCLSvShgJOiO\nHIHNm61Qef11mDHDCpmJE1u+Z0REQpsCRoLCGCgstA6BPfssJCZaq5XNm6FPn2BXJyKdQQEjXaqq\nCp56ylqt1NdbofLmm9alwSISXhQwYrsvv4QtW6xQee01uPxy+O//hu9+V4fARMKZAkZsYQzs2mWF\nyvr1EB8P114LGzfq6i+RnkIBI52qvh4efRQeecS6f+Waa6yg6abPPRSRAChgpNO8/DLMmweDB8OK\nFdbjV3Szo0jPpYCRgNXUwK9/DS+8AL/7HVxxhc6tiAjo90vpsPp6+MMfYOxYiIqCPXuse1gULiIC\nWsFIB736qnU47Fvfgr/9DUaPDnZFIhJqFDDSLvv2wcKFsGMH3HcfXHmlViwi0jwdIpM2aWiAhx+G\nMWPgzDOtw2Hp6QoXETk5rWCkVQUF1uGw00+HF1+0zrmIiLRGASMnVVsLt94K27bBvffCzJlasYhI\n2+kQmTRr+3YYNw5OOcU6HDZrlsJFRNpHKxhp4rPPrHtatm6Fxx6Diy8OdkUi0l1pBSONXn4Zzj3X\nesTLW28pXEQkMFrBCF98AXfcAU8/bT1D7Mc/DnZFIhIOFDA93K5dcPXV1o2Sb70FgwYFuyIRCRcK\nmB6qrg6WLrVWLA88oHtaRKTzKWB6oOJia9USFQVFRTB0aLArEpFwpJP8PYgx8OCDkJwMc+daV4op\nXETELlrB9BB+P/zyl7B7NxQWwvDhwa5IRMJdwCuYvLw84uLi8Hq9ZGVlNTtm/vz5eL1e4uPjKSoq\nanXus88+y5gxY+jVqxe7d+9usq3ly5fj9XqJi4tj+/btgZbfI+zfDykpcOiQdSmywkVEuoQJQH19\nvXG73aa0tNT4/X4THx9vSkpKmozZunWrmTZtmjHGmIKCApOUlNTq3D179ph33nnHJCcnm127djVu\nq7i42MTHxxu/329KS0uN2+02DQ0NJ9QVYFthpbjYmBEjjLn9dmOa+VclItKos/edAa1gCgsL8Xg8\nxMTE4HQ6SU9PJycnp8mYLVu2kJGRAUBSUhK1tbVUV1e3ODcuLo7Y2NgT/r6cnBxmzpyJ0+kkJiYG\nj8dDYWFhIC2Etbw863zLXXfBsmV6fbGIdK2AzsFUVlYybNiwxs8ul4udO3e2OqayspKqqqpW5x6v\nqqqKSZMmnbCt5ixatKjx6+TkZJKTk9vSUlgwBlassEJl0ya44IJgVyQioSg/P5/8/Hzbth9QwDja\neOOEtfKyx8lqODZgepK6Opg/3zrX8tprEBMT7IpEJFQd/8v34sWLO3X7AQVMdHQ05eXljZ/Ly8tx\nuVwtjqmoqMDlclFXV9fq3Nb+voqKCqKjowNpIawcOgRXXAGnngqvvGK9v0VEJFgCOiqfmJiIz+ej\nrKwMv9/Phg0bSEtLazImLS2NJ554AoCCggIGDBhAVFRUm+ZC09VPWloa69evx+/3U1pais/nY+LE\niYG0EDbKymDSJIiPh5wchYuIBF9AK5jIyEhWrFjB1KlTaWhoYPbs2YwaNYrVq1cDMGfOHFJTU8nN\nzcXj8dCvXz/Wrl3b4lyATZs2MX/+fPbv388ll1xCQkIC27ZtY/To0cyYMYPRo0cTGRnJypUr23yY\nLpxVVcHkydahsZtuCnY17VNXV8fDD6/krbfeYfz4Mfzyl3OIjNTtWSLhwGHsPEESJA6Hw9bzPqHk\n44/hwgutR7/cdluwq2kfYwz//u+X8fe/H+bIkR/St+8mLr44is2bn9EvDiJB0Nn7TgVMN3boEPzg\nB3DJJbBkSbCrab+3336b88//EZ9//i7QG/iCPn2G8/bbL+N2u4NdnkiP09n7Tt0Z0U19+imkplqr\nl9/+NtjVdMyRI0eIiDgDK1wATqFXr/4cOXIkmGWJSCdRwHRDR45AWhqMHQv33999H7M/btw4Bg70\nExm5CHiTyMjbiYrqw8iRI4NcmYh0BgVMN+P3w+WXW09BXrWq+4YLwKmnnsorr+xg8uS3cblmMXVq\nKS+//L84nc5glyYinUDnYLqR+nrrxWANDbBxI2g/LCKdSedgerA5c6xzL+vXtz1cysrKuOiiH+Fy\njeKHP7ySmpoae4sUEfmKVjDdxLp1cPfd8MYb0K9f2+Z8/vnneDzj2Lfv5xw9+kOczmxGjHiB4uJC\nevXqZW/BItLtaAXTA1VUWDdQPvVU28MFYPfu3Rw+PIijR28DxlJXdw8VFfspLS21rVYRka8pYELc\n0aNw3XVw440wYUL75vbt25eGhoNA3VffOUx9/Wf06dOns8sUETmBAibErVwJn3wCt9/e/rkJCQlM\nnBhHnz4/Ah6gb9+pXHrpj/WAUBHpEjoHE8Leecd6l8urr0Iz719rE7/fz8qVj1Bc7GPixHhmz55N\nhN48JiLN0KNi2iAcAqauzgqXjAy4/vpgVyMiPYFO8vcQy5bBwIEwb16wKxER6RitYELQm29CSgoU\nFYFOl4hIV9EKpge4/35YsEDhIiLdm1YwIebgQRgxAt57DwYNCnY1ItKTaAUT5rKz4Yc/VLiISPen\nd9OGEGOsJySvWRPsSkREAqcVTAjJz7ceYnnBBcGuREQkcAqYELJqFcyd273f8SIi8jWd5A8R1dUw\nahSUlcEZZwS7GhHpiXSSP0xlZ1tvqlS4iEi4UMCEiLfeguTkYFchItJ5FDAhoqICXK5gVyEi0nkU\nMCGiokJ37otIeNFJ/hBgDPTtCwcOWP8UEQkGneQPQwcOQJ8+ChcRCS8KmBCg8y8iEo4CDpi8vDzi\n4uLwer1kZWU1O2b+/Pl4vV7i4+MpKipqde7BgwdJSUkhNjaWKVOmUFtbC0BZWRl9+vQhISGBhIQE\n5oXJy1IUMCISjgIKmIaGBm644Qby8vIoKSlh3bp17Nmzp8mY3Nxc3nvvPXw+H48++ihz585tdW5m\nZiYpKSm8++67TJ48mczMzMbteTweioqKKCoqYuXKlYGUHzKqqmDIkGBXISLSuQIKmMLCQjweDzEx\nMTidTtLT08nJyWkyZsuWLWRkZACQlJREbW0t1dXVLc49dk5GRgabN28OpMyQN3gw7N0b7CpERDpX\nQE9TrqysZNiwYY2fXS4XO3fubHVMZWUlVVVVJ51bU1NDVFQUAFFRUdTU1DSOKy0tJSEhgTPOOIMl\nS5bwve99r9naFi1a1Ph1cnIyySF8F+P48dbbK0VEulJ+fj75+fm2bT+ggHG08amMbbnszRjT7PYc\nDkfj94cOHUp5eTkDBw5k9+7dTJ8+neLiYvr373/CvGMDJtQNGwZ+v7WK0aEyEekqx//yvXjx4k7d\nfkCHyKKjoykvL2/8XF5ejuu4s9XHj6moqMDlcjX7/eiv7jSMioqiuroagL179zJ48GAAevfuzcCB\nAwEYP348brcbn88XSAshweGAhAStYkQkvAQUMImJifh8PsrKyvD7/WzYsIG0tLQmY9LS0njiiScA\nKCgoYMCAAURFRbU4Ny0tjezsbACys7OZPn06APv376ehoQGADz74AJ/Px4gRIwJpIWToMJmIhJuA\nDpFFRkayYsUKpk6dSkNDA7Nnz2bUqFGsXr0agDlz5pCamkpubi4ej4d+/fqxdu3aFucC3HbbbcyY\nMYM1a9YQExPDxo0bAXjppZe48847cTqdREREsHr1agYMGBBICyEjIQH+9KdgVyEi0nn0qJgQ8c47\nMG0afPBBsCsRkZ5Kj4oJU14vfPwx7NsX7EpERDqHAiZERERAejo8/HCwKxER6Rw6RBZC3n8fJk2C\n997Tmy1FpOvpEFkYc7ut8zArVgS7EhGRwGkFE2L++U/4t3+zTvafdlqwqxGRnkQrmDAXFwcXXQSr\nVgW7EhGRwGgFE4LeegumTrVWMX36BLsaEekptILpAcaNg4kT4X/+J9iViIh0nFYwIeqNN2D6dCgu\n1hVlItI1OnvfqYAJYfPmQU0N/PGP1gMxRUTspENkPcj998NHH1n/FBHpbrSCCXFlZZCUZD0I8yTv\nVhMR6RRawfQwMTGwdq31GJljXuwpIhLytILpJn7zG3j1VdixA3r1CnY1IhKOtILpoRYvth6Ieeed\nwa5ERKRttILpRvbtgwkTrLv8L7kk2NWISLjRCqYHGzwY1q+H666Df/wj2NWIiLRMAdPNXHABPPAA\npKTAm28GuxoRkZOLDHYB0n4zZ0JkpPW8sq1brcNmIiKhRgHTTV1xBTidkJoKW7ZY98qIiIQSBUw3\nNn26FTI/+hFs2mQdPhMRCRU6B9PNXXIJPPUUXHop/O1vwa5GROQbCpgwMGWKdXXZFVfA888HuxoR\nEYsCJkz84AfW88pmzoS8vGBXIyKigAkr3/8+bN4MV18Njz8OYXivqYh0I7qTPwz94x8wYwaMHw+P\nPAL9+we7IhHpDnQnv7Rq7FjrjZh9+0JCgvW1iEhXU8CEqb594dFHYdky616Z3/8ejh4NdlUi0pME\nHDB5eXnExcXh9XrJyspqdsz8+fPxer3Ex8dTVFTU6tyDBw+SkpJCbGwsU6ZMoba2tvFny5cvx+v1\nEhcXx/bt2wMtP+zNmAE7d8LGjdb9Mh9/HOyKRKTHMAGor683brfblJaWGr/fb+Lj401JSUmTMVu3\nbjXTpk0zxhhTUFBgkpKSWp27YMECk5WVZYwxJjMz0yxcuNAYY0xxcbGJj483fr/flJaWGrfbbRoa\nGk6oK8C2wpLfb8xttxkTHW3M888HuxoRCUWdve8MaAVTWFiIx+MhJiYGp9NJeno6OTk5TcZs2bKF\njIwMAJKSkqitraW6urrFucfOycjIYPPmzQDk5OQwc+ZMnE4nMTExeDweCgsLA2mhx3A6Yfly6+2Y\nV10F//VfUF8f7KpEJJwF9KiYyspKhg0b1vjZ5XKxc+fOVsdUVlZSVVV10rk1NTVERUUBEBUVRc1X\n7wquqqpi0qRJJ2yrOYsWLWr8Ojk5meTk5I41GWZSUqCoyLqU+cIL4Zln4DvfCXZVIhIM+fn55Ofn\n27b9gALG4XC0aZxpw2Vvxphmt+dwOFr8e072s2MDRpqKioJt2+B3v4PzzrNWM7/8JZxySrArE5Gu\ndPwv34sXL+7U7Qd0iCw6Opry8vLGz+Xl5bhcrhbHVFRU4HK5mv1+dHQ0YK1aqqurAdi7dy+DBw8+\n6ba+niPtExEBCxZYj5b5618hNtY6fKbDZiLSWQIKmMTERHw+H2VlZfj9fjZs2EBaWlqTMWlpaTzx\nxBMAFBQUMGDAAKKiolqcm5aWRnZ2NgDZ2dlMnz698fvr16/H7/dTWlqKz+dj4sSJgbTQ451zDjz3\nnHWobO1a6/Of/qSnAIhIJwj0KoHc3FwTGxtr3G63WbZsmTHGmFWrVplVq1Y1jrn++uuN2+0248aN\nM7t27WpxrjHGHDhwwEyePNl4vV6TkpJiDh061PizpUuXGrfbbUaOHGny8vKarakT2uqRjh41JjfX\nmHPPNea884zZsSPYFYlIV+rsfaceFSMnOHoUnn0W7rgDhg2zrj7TQlEk/OlRMWK7iAi48kooLob0\ndLj8cut9M8XFwa5MRLoTBYyclNMJP/85vPuu9bbMiy6Ca66BsrJgVyYi3YECRlrVpw/ceiv4fHD2\n2TBhAsyfD1/dniQi0iwFjLTZGWfA3XfDnj3WYbTRo+GWW+DDD4NdmYiEIgWMtNvgwfDAA/B//we9\nelnvnUlPh9dfD3ZlIhJKdBWZBOxf/4I1a+DBB62rzn71K+vJzb16BbsyEWmPzt53KmCk09TXw5//\nbD2C5uBB+M//tC4K6Ns32JWJSFsoYNpAARNcxsArr1hB88or8ItfwA03wFlnBbsyEWmJ7oORkOdw\nwPe+B5s2WQFz6BCMGgXXXgtvvx3s6kSkqyhgxFZeLzz8MLz3nvX11KnWn+3b9bwzkXCnQ2TSpb78\nEtatg9//3gqYW26BWbP0qgCRUKBzMG2ggAl9xlivCfjd7+DNN+FnP7PO1RzzDjoR6WI6ByNhweGw\n3q6Zl2e9k6a2FuLj4cc/tr539GiwKxSRQGkFIyHjs8+sw2ePPAKffAJz5sB118GgQcGuTKRn0ApG\nwtZpp1kP19y1y3oBWkkJeDxw1VXW1Wj6nUGke9EKRkLawYOQnQ2rVlkXAsydC//xH3D66cGuTCT8\n6CR/Gyhgwo8x8MIL1uGz55+33lczd6513kZEOocOkUmP5HDA5Mnwxz9aLz4bOhQuuQS++1148kn4\n4otgVygix9MKRrqt+nr4y1+sVc3u3dZzz+bMsc7biEj7aQUj8pXISJg+Hf73f+G116zvnX++dfnz\n+vVa1YgEm1YwEla++AI2b7ZeH1BUBDNnWpc6JyQEuzKR0KeT/G2ggBGAsjJ4/HFYuxbOPBNmz7Ye\nSzNwYLArEwlNCpg2UMDIsRoarCvQ1qyxnhKQmmqtan7wA+vVzyJiUcC0gQJGTubAAesmzjVrrKcF\nXHutdXHA2WcHuzKR4FPAtIECRlpjjHWOZs0a64KAxERrVTN9up7sLD2XAqYNFDDSHkeOWC9HW7PG\nerLzrFnW+RrdxCk9jQKmDRQw0lGlpdZFAWvXQlSUtaqZNQsGDAh2ZSL2U8C0gQJGAtXQYL2vZs0a\n6+2b06ZBRoZ1j02vXsGuTsQeIXOj5cGDB0lJSSE2NpYpU6ZQW1vb7Li8vDzi4uLwer1kZWW1af7y\n5cvxer3ExcWxffv2xu8nJycTFxdHQkICCQkJ7N+/v6Pli7SoVy/r1c4bN8L778MFF8Add1gvRPv1\nr63H1YhIyzocMJmZmaSkpPDuu+8yefJkMjMzTxjT0NDADTfcQF5eHiUlJaxbt449e/a0OL+kpIQN\nGzZQUlJCXl4e8+bNa0xUh8PBM888Q1FREUVFRQzSi0KkC5x5JtxwA7z+urWqcThgyhQ47zxYscK6\nMk1ETtThgNmyZQsZGRkAZGRksHnz5hPGFBYW4vF4iImJwel0kp6eTk5OTovzc3JymDlzJk6nk5iY\nGDweDzt37mzcpg59STCNHg1ZWfDRR7BkCbz6KrjdcNllkJMDdXXBrlAkdHQ4YGpqaoiKigIgKiqK\nmpqaE8ZUVlYy7JiXrLtcLiorK1ucX1VVhcvlajKnqqqq8XNGRgYJCQksWbKko6WLBOzrQ2jPPAMf\nfmjdvHnffRAdDTfdZD18U78LSU8X2dIPU1JSqK6uPuH7S5cubfLZ4XDgcDhOGHf894wxJx3X3PeP\n9/TTTzN06FA+++wzLr/8cp588kl++tOfNjt20aJFjV8nJyeTnJzc6vZFOuKMM+BnP7P+vP8+PPEE\nXH659YbOjAzrBWlDhjSd88knn/Cvf/2L6OhoIvQ4AQmS/Px88vPzbdt+iwGzY8eOk/4sKiqK6upq\nzjrrLPbu3cvgwYNPGBMdHU15eXnj54qKCqKjo1uc39KcoUOHAnDaaacxa9YsCgsL2xQwIl3F7YbF\ni+Guu+Dvf7eehTZ6tPWU52uugbQ0WLLkbu655x4iI/szZMggXnxxK2frUQISBMf/8r148eJO3X6H\nf3VKS0sjOzsbgOzsbKZPn37CmMTERHw+H2VlZfj9fjZs2EBaWlqL89PS0li/fj1+v5/S0lJ8Ph8T\nJ06koaGh8aqxuro6nnvuOc4555yOli9iq4gIuPBC636aigrrqc6PPgqDB/vJyvJSV/cRR45U8eGH\n6VxxxbXBLlfEHqaDDhw4YCZPnmy8Xq9JSUkxhw4dMsYYU1lZaVJTUxvH5ebmmtjYWON2u82yZcta\nnW+MMUuXLjVut9uMHDnS5OXlGWOM+eyzz8yECRPMuHHjzJgxY8zNN99sjh492mxtAbQlYqsFCx40\nDsc2Y52hMQb2mz59zgh2WSLGmM7fd+pGS5Eu9Mwzz/CLX/yBzz/PB04B1uPxZOHzFQW5MhHdyd8m\nChgJVUePHmX69Fm88MJuIiO/gzFv8/zzfyExMTHYpYkoYNpCASOhzBjDzp07qa2tZcKECXz7298O\ndkkigALQ3wB5AAAHzElEQVSmTRQwIiLtFzLPIhMREWmJAkZERGyhgBEREVsoYERExBYKGBERsYUC\nRkREbKGAERERWyhgRETEFgoYERGxhQJGRERsoYARERFbKGBERMQWChgREbGFAkZERGyhgBEREVso\nYERExBYKGBERsYUCRkREbKGAERERWyhgRETEFgoYERGxhQJGRERsoYARERFbKGBERMQWChgREbFF\nhwPm4MGDpKSkEBsby5QpU6itrW12XF5eHnFxcXi9XrKyslqdf/DgQS666CL69+/PjTfe2GRbu3bt\n4pxzzsHr9XLTTTd1tPRuLz8/P9gl2CacewP1192Fe3+drcMBk5mZSUpKCu+++y6TJ08mMzPzhDEN\nDQ3ccMMN5OXlUVJSwrp169izZ0+L80899VSWLFnCfffdd8L25s6dy5o1a/D5fPh8PvLy8jpafrcW\nzv+Th3NvoP66u3Dvr7N1OGC2bNlCRkYGABkZGWzevPmEMYWFhXg8HmJiYnA6naSnp5OTk9Pi/L59\n+3LBBRdwyimnNNnW3r17+fTTT5k4cSIAV199dbN/p4iIhIYOB0xNTQ1RUVEAREVFUVNTc8KYyspK\nhg0b1vjZ5XJRWVnZpvkOh+OEbblcrsbP0dHRjdsSEZHQE9nSD1NSUqiurj7h+0uXLm3y2eFwnBAI\nX3//WMaYk45r7vuB6OzthZrFixcHuwTbhHNvoP66u3DvrzO1GDA7duw46c+ioqKorq7mrLPOYu/e\nvQwePPiEMdHR0ZSXlzd+rqioIDo6us3zj99WRUVFs9s6njGmxW2JiIj9OnyILC0tjezsbACys7OZ\nPn36CWMSExPx+XyUlZXh9/vZsGEDaWlpbZp/fEgMGTKE008/nZ07d2KM4cknn2z27xQRkdDgMB38\ndf/gwYPMmDGDjz76iJiYGDZu3MiAAQOoqqri5z//OVu3bgVg27Zt3HzzzTQ0NDB79mxuv/32FucD\nxMTE8Omnn+L3+xkwYAA7duwgLi6OXbt2cc0113DkyBFSU1N56KGHOulfg4iIdDoT4rZt22ZGjhxp\nPB6PyczMbHbMjTfeaDwejxk3bpzZvXt3m+Y+9NBDJi4uzowZM8b8+te/trWHltjR386dO815551n\nzj33XJOYmGgKCwtt7+NkAunv2muvNYMHDzZjx45tMv7AgQPm4osvNl6v16SkpJhDhw7Z2kNL7Ojv\n1ltvNXFxcWbcuHHm0ksvNbW1tbb2cDJ29Pa1++67zzgcDnPgwAFbam8Lu/oLh33Lyfpr774lpAOm\nvr7euN1uU1paavx+v4mPjzclJSVNxmzdutVMmzbNGGNMQUGBSUpKanXuCy+8YC6++GLj9/uNMcbs\n27evC7v6hl39XXjhhSYvL88YY0xubq5JTk7uwq6+EUh/xhjz0ksvmd27d5/wP/mCBQtMVlaWMcaY\nzMxMs3DhQps7aZ5d/W3fvt00NDQYY4xZuHBhUPqzqzdjjPnoo4/M1KlTTUxMTNACxq7+wmHfYszJ\n+2vvviWkHxXT0n00Xzv2fpqkpCRqa2uprq5uce4jjzzC7bffjtPpBODb3/521zb2Fbv6GzJkCJ98\n8gkAtbW1J70Ywm6B9Afw/e9/n4EDB56w3bbcg9UV7OovJSWFiIiIxjnHXtzSVezqDeCWW27hnnvu\nsbeBVtjVXzjsW+Dk/bV33xLSAdPSfTStjamqqjrpXJ/Px0svvcSkSZNITk7mjTfesLmT5tnVX2Zm\nJr/61a84++yzWbBgAcuXL7e5k+YF0l9L2nIPVlewq79jPfbYY6SmpgZebDvZ1VtOTg4ul4tx48Z1\nbsHtZFd/4bBvaUl79y0hHTBtvZfFtPM6hfr6eg4dOkRBQQH33nsvM2bM6Eh5AbOrv9mzZ/PQQw/x\n0Ucfcf/993Pdddd1pLyAdbS/9tzDZMc9VO35u9uio/0tXbqU3r17M2vWrHbXFig7ejt8+DDLli1r\nch9Je//f7ix2/bfr7vuW1ua1d98S0gFz/H005eXlTe7mb25MRUUFLperxbkul4vLLrsMgPPOO4+I\niAgOHDhgZyvNsqu/wsJCLr30UgB+8pOfUFhYaGcbJ9XR/lpbdn99DxXQpnuo7GJXfwCPP/44ubm5\nPP30051XcDvY0dv7779PWVkZ8fHxDB8+nIqKCiZMmMC+ffs6v4FW2PXfrrvvW1rrr937lkBOJNmt\nrq7OjBgxwpSWlpovv/yy1RNVr732WuOJqpbmrlq1ytx5553GGGPeeecdM2zYsC7s6ht29ZeQkGDy\n8/ONMcb89a9/NYmJiV3Y1TcC6e9rpaWlzZ7k//qqmOXLlwftJL9d/W3bts2MHj3afPzxx/Y20AK7\nejtWME/y29VfOOxbvtZcf+3dt4R0wBhjXakQGxtr3G63WbZsmTHG+o+4atWqxjHXX3+9cbvdZty4\ncWbXrl0tzjXGGL/fb6666iozduxYM378ePPiiy92WT/Hs6O/119/3UycONHEx8ebSZMmNbn8sKsF\n0l96eroZMmSI6d27t3G5XOaxxx4zxliXKU+ePDkkLlO2oz+Px2POPvtsc+6555pzzz3XzJ07t2ub\n+oodvR1r+PDhQb1M2Y7+wmXfcrL+2rtv6fCNliIiIi0J6XMwIiLSfSlgRETEFgoYERGxhQJGRERs\noYARERFbKGBERMQW/x8e/zjSE5KDpQAAAABJRU5ErkJggg==\n",
       "text": [
        "<matplotlib.figure.Figure at 0x109176a50>"
       ]
      }
     ],
     "prompt_number": 31
    },
    {
     "cell_type": "code",
     "collapsed": false,
     "input": [
      "F_W = pd.DataFrame(F_W)\n",
      "F_W.plot()\n",
      "show()"
     ],
     "language": "python",
     "metadata": {},
     "outputs": [
      {
       "metadata": {},
       "output_type": "display_data",
